ra	dec	g	r	i	z	y
146.19388438	34.63181291	24.32	22.84	21.61	21.22	20.58
146.17400726	34.63733260	16.87	16.11	15.95	15.84	15.68
146.21169261	34.63430262	21.58	20.20	19.00	18.26	18.02
146.16355720	34.64841311	23.03	21.98	21.47	21.21	21.31
146.23538182	34.68015897	22.75	21.87	20.45	19.88	19.51
146.23929249	34.67594655	22.17	20.85	19.10	18.38	17.99
146.26237201	34.67870180	20.87	19.65	18.73	18.35	18.15
146.26548025	34.68046010	22.57	21.30	20.16	19.67	19.40
146.22801819	34.71743996	18.94	18.77	18.63	18.64	18.55
146.28703789	34.72387474	20.28	20.08	19.99	19.99	20.07
146.13127613	34.73159783	19.50	18.34	17.59	17.27	17.07
146.13783178	34.72674722	24.84	22.49	21.92	21.92	21.17
146.11353206	34.75257909	22.75	22.18	22.17	22.13	21.46
146.12632103	34.75714690	23.00	22.27	21.89	21.58	21.15
146.13085388	34.75469845	23.37	22.56	21.01	20.53	20.18
146.16982188	34.75415570	20.18	19.13	18.46	18.27	18.00
146.19252606	34.75650737	22.89	21.75	20.58	20.03	19.68
146.22577274	34.75299015	21.32	20.19	19.56	18.91	18.69
146.19447082	34.64477514	21.17	20.80	20.67	20.57	20.69
146.22762606	34.64592364	19.29	18.07	17.24	16.98	16.80
146.24241366	34.64822671	20.37	19.01	18.32	17.96	17.78
146.12543345	34.65565482	21.09	19.96	18.85	18.46	18.20
146.15462663	34.65292799	19.59	18.34	17.56	17.24	17.04
146.16914456	34.65022092	23.80	22.54	22.08	21.62	21.55
146.10679092	34.69043340	23.10	22.10	21.74	21.57	21.84
146.14265511	34.68605744	21.47	21.20	21.10	20.94	20.97
146.14756803	34.68716946	17.72	17.48	17.41	17.40	17.38
146.19732273	34.73248299	22.24	21.97	21.79	21.72	21.66
146.20327657	34.72926877	19.02	17.88	17.05	16.72	16.52
146.21688338	34.72711499	21.58	20.40	19.08	18.29	17.98
146.24876133	34.72656527	23.34	21.70	20.75	20.20	20.12
146.12607164	34.73862988	25.97	23.38	21.40	20.63	20.40
146.13317203	34.73971631	21.02	19.82	19.27	19.01	18.71
146.23887776	34.74995577	22.70	22.13	22.15	21.96	21.83
146.25916417	34.74957001	22.44	21.93	21.88	21.71	21.97
146.26481506	34.75130775	22.11	22.01	21.71	21.55	21.40
146.12086285	34.76488903	23.51	22.53	21.82	21.74	20.87
146.12838645	34.76532382	22.35	21.50	21.26	21.04	20.93
146.16525728	34.75934782	22.07	20.81	19.64	19.13	18.80
146.18268481	34.76009603	16.74	15.80	15.42	15.36	15.18
146.18428113	34.76324209	20.72	19.66	19.25	19.12	18.91
146.19861385	34.76075435	21.96	21.49	21.34	21.45	21.05
146.22338376	34.75973353	21.11	20.87	20.97	20.86	20.77
146.19493161	34.65280458	22.28	21.18	20.14	19.59	19.44
146.27169873	34.65613103	22.81	21.96	21.72	21.44	21.72
146.13131848	34.66386019	22.04	20.88	19.75	19.29	18.96
146.13789580	34.65969330	21.35	20.02	18.63	17.98	17.68
146.29335327	34.69842419	23.56	21.89	21.11	20.78	20.73
146.13777709	34.70432644	22.43	21.88	21.54	21.34	21.18
146.15196398	34.70064483	23.67	22.44	21.62	21.14	21.21
146.18018990	34.70310317	19.50	18.88	18.72	18.67	18.56
146.19118292	34.70674084	20.93	19.76	18.56	18.03	17.83
146.19653096	34.70455980	24.04	22.73	21.47	21.27	21.11
146.16582356	34.78402690	24.62	22.34	21.69	21.76	21.38
146.17182826	34.78677905	23.37	22.70	22.18	21.73	23.27
146.18565441	34.65857157	21.78	20.61	19.56	19.01	18.77
146.23820080	34.66123653	24.16	22.04	21.06	20.76	20.40
146.24227850	34.65910540	20.22	19.04	18.48	18.22	18.11
146.25037506	34.66471120	14.07	12.65	11.44	12.07	12.13
146.25700229	34.66069515	22.32	22.39	22.16	21.67	21.65
146.25827835	34.66249661	22.13	20.98	19.37	18.68	18.36
146.28499794	34.70706656	22.10	21.04	20.11	19.69	19.58
146.11317768	34.70986997	21.54	21.29	21.29	21.49	21.22
146.11615840	34.71341292	21.94	20.74	19.32	18.75	18.36
146.16431250	34.73644810	21.10	20.08	19.00	18.47	18.17
146.23733450	34.73592805	22.32	21.51	21.08	21.12	20.92
146.27179432	34.73477461	22.11	21.02	19.65	19.08	18.78
146.18819439	34.78597260	23.02	22.19	21.75	21.66	21.88
146.21043696	34.79067469	18.97	18.95	18.98	18.88	18.64
146.21402088	34.79111530	24.05	22.42	21.75	21.39	21.38
146.27631911	34.66314153	20.07	18.79	17.49	16.85	16.50
146.13777843	34.66668919	20.82	20.38	20.25	20.12	20.20
146.15032642	34.67021493	20.80	20.58	20.57	20.55	20.63
146.15179752	34.66802144	21.72	21.22	21.06	20.92	21.05
146.19140018	34.67283290	20.75	19.39	18.57	18.10	17.88
146.19762963	34.66725761	23.15	21.75	21.16	20.87	20.82
146.17145362	34.71334524	21.48	20.65	20.02	19.82	19.50
146.17706497	34.71436373	23.82	22.36	21.19	20.67	20.22
146.25111304	34.71186501	23.55	22.42	21.82	21.57	21.83
146.25274372	34.71072523	-999.00	22.59	21.49	21.07	21.03
146.11071405	34.72171594	18.45	17.60	17.38	17.25	17.17
146.27891179	34.73368510	15.99	15.05	14.78	14.56	14.45
146.28007339	34.73951436	20.88	19.59	18.75	18.22	17.93
146.10688990	34.74818444	21.25	20.80	20.64	20.77	20.71
146.11144944	34.74624039	23.79	23.03	21.93	21.50	21.59
146.14940716	34.74700064	-999.00	22.16	21.42	21.10	20.79
146.15945543	34.74477445	22.96	22.87	20.96	20.99	20.32
146.26012676	34.66995989	22.46	22.02	21.68	21.51	21.80
146.12093407	34.67551772	23.22	22.42	21.86	21.77	21.71
146.13219418	34.68285223	22.43	22.38	21.80	21.93	21.37
146.13349088	34.67595829	17.57	16.36	15.59	15.30	15.01
146.13704214	34.67595774	16.63	15.45	14.79	14.46	14.27
146.14685817	34.67804947	21.28	20.08	19.24	18.84	18.66
146.15858901	34.71952638	22.34	21.15	19.72	19.04	18.70
146.17734316	34.71671279	22.93	22.24	21.92	21.51	22.11
146.17821759	34.71824827	23.47	22.19	21.64	21.47	21.27
146.18203749	34.71852113	21.55	21.30	21.18	21.17	20.97
146.20702037	34.71640257	16.44	16.18	16.01	16.01	15.93
146.21552643	34.72328867	21.93	20.71	19.77	19.19	18.98
146.22385077	34.71866183	22.71	21.91	21.08	20.86	20.69
146.18161328	34.74460092	19.65	19.26	19.10	19.11	18.99
146.18453652	34.74753004	23.02	21.54	20.05	19.37	19.00
146.20623675	34.74933893	16.22	15.74	15.59	15.46	15.42
146.21071013	34.74221968	22.47	22.21	21.91	21.81	24.20
146.24540609	34.74947878	23.39	22.80	22.15	22.08	21.26
146.27216461	34.74245717	22.32	21.66	21.22	20.89	20.86
146.22689387	34.68733687	21.04	19.74	18.65	18.20	17.89
146.23397458	34.68873376	21.43	20.21	18.87	18.29	17.91
146.24708734	34.68780959	17.87	17.08	16.83	16.71	16.69
146.29339776	34.68823125	17.76	16.55	15.74	15.35	15.15
146.10843357	34.69616497	22.84	21.97	21.62	21.21	21.11
146.13030558	34.69148382	22.67	22.29	21.99	21.51	21.65
146.24478299	34.76490351	26.33	22.08	21.47	20.99	21.14
146.27627689	34.76258256	22.11	20.91	19.82	19.42	19.23
146.13161379	34.76851262	23.05	21.86	20.83	20.46	20.07
146.15063660	34.77035820	20.85	20.71	20.45	20.55	20.53
146.20483370	34.76728897	19.86	18.67	18.10	17.88	17.71
146.17233061	34.69506926	17.29	16.32	16.01	15.86	15.73
146.17922870	34.69731366	21.11	20.50	20.31	20.11	20.18
146.22969080	34.69777195	19.88	19.19	19.01	18.97	18.79
146.24818628	34.69738292	22.90	22.12	21.94	21.79	22.75
146.25893112	34.69533964	22.10	21.85	21.83	21.75	21.65
146.26569195	34.69147536	21.90	21.81	21.64	21.34	21.05
146.24993679	34.76678043	21.56	20.50	20.02	19.80	19.66
146.14532861	34.78212110	19.28	19.02	18.79	18.71	18.65
146.17032947	34.77463068	18.70	17.50	16.87	16.58	16.34
146.19222143	34.77983600	21.05	19.75	18.82	18.41	18.10
146.20598591	34.77509278	19.02	17.83	16.80	16.30	16.02
146.20693061	34.78146247	21.77	21.81	21.50	21.29	21.41
